3.026502473396814885e-01 2.707277011664402933e-01
2.719187879033583832e-01 2.669845264998564338e-01
2.720432666291087154e-01 2.646368807210585095e-01
2.708264440164004916e-01 2.661198802010583120e-01
2.708676213655665799e-01 2.686973151145185534e-01
2.701567382086990099e-01 2.662188694185894100e-01
2.706100562503918616e-01 2.669868039848342089e-01
2.706304259098153420e-01 2.680884386099279260e-01
2.698863134906299144e-01 2.655592106804667285e-01
2.698944917584529812e-01 2.657361704040889228e-01
2.730834860852752732e-01 2.655932483877074257e-01
2.707956175951514166e-01 2.669024671446959540e-01
2.704015025211706225e-01 2.668135602948684681e-01
2.704493366108108865e-01 2.649564763920246313e-01
2.705768160904099551e-01 2.662422112884982872e-01
2.709346664816393302e-01 2.657091852972689461e-01
2.705653357445732543e-01 2.643787605157936205e-01
2.721123740315673500e-01 2.657411000555668923e-01
2.701351197853091857e-01 2.648600642347069822e-01
2.705473674540685436e-01 2.643502371804875573e-01
2.697722525267972626e-01 2.683478771938127561e-01
2.701298414867130404e-01 2.633890058043870663e-01
2.693766190762439949e-01 2.656343014470849417e-01
2.692721176162477525e-01 2.658412494573693663e-01
2.693417010567740189e-01 2.643049590830025553e-01
2.696362280879965323e-01 2.647481479595997778e-01
2.692471670658227456e-01 2.647496496788552256e-01
2.686889423501562235e-01 2.649772918268678001e-01
2.690798691360775097e-01 2.646103021120034815e-01
2.686451827801880632e-01 2.653667736851644254e-01
2.700831244290893829e-01 2.676480573227297821e-01
2.711935791691280073e-01 2.653709296402691487e-01
2.700730440094034623e-01 2.641725360940719303e-01
2.705953123330512300e-01 2.646092433812672895e-01
2.706807274676407693e-01 2.657432086484002309e-01
2.692018952518996366e-01 2.651443367076821711e-01
2.700209265317722873e-01 2.658433431213270137e-01
2.695932165364771094e-01 2.657518364299696345e-01
2.711853414629139536e-01 2.655146750728313854e-01
2.700711265461080424e-01 2.667135951020890294e-01
2.699392358776646628e-01 2.671078969917900503e-01
2.695170836910318335e-01 2.639765480217989846e-01
2.698263537225178976e-01 2.650536368407599985e-01
2.690232396018533145e-01 2.634536706728737299e-01
2.695157607832636137e-01 2.662016659402285379e-01
2.701665796681404497e-01 2.639673877708378358e-01
2.689630117040112123e-01 2.630086059313122004e-01
2.696056695470969711e-01 2.652933193487331809e-01
2.697410791152369258e-01 2.650157644448631888e-01
2.697640610015797913e-01 2.658123184418131335e-01
2.695926018106180044e-01 2.654555912573590137e-01
2.687701460685321675e-01 2.656898974300687111e-01
2.689910500528401860e-01 2.641160604899076003e-01
2.684333632109039414e-01 2.656474589599412961e-01
2.690237982948413542e-01 2.654934061733891237e-01
2.682294188986070194e-01 2.666689979313178194e-01
2.679608476951393925e-01 2.641674198870768153e-01
2.690260014571323466e-01 2.641543630702260503e-01
2.681892777928693294e-01 2.634313602811124144e-01
2.684822283257506381e-01 2.652534498461860957e-01
2.687146047186203535e-01 2.662998597516972321e-01
2.702633279952424417e-01 2.627944847625453550e-01
2.683360290780478219e-01 2.627009338498928481e-01
2.687658754177223996e-01 2.646856773771710247e-01
2.689854598836931565e-01 2.626386655648155211e-01
2.685959572755155511e-01 2.639392489834150868e-01
2.677748854616809338e-01 2.637065343618836266e-01
2.685915237282256451e-01 2.627159855008051603e-01
2.686028991518678022e-01 2.647569239767751936e-01
2.694944524016336662e-01 2.634523409867390309e-01
