3.026502473396814885e-01 2.707277011664402933e-01
2.719187879033583832e-01 2.669845264998564338e-01
2.720432666291087154e-01 2.646368807210585095e-01
2.708264440164004916e-01 2.661198802010583120e-01
2.708676213655665799e-01 2.686973151145185534e-01
2.701567382086990099e-01 2.662188694185894100e-01
2.706100562503918616e-01 2.669868039848342089e-01
2.706304259098153420e-01 2.680884386099279260e-01
2.698863134906299144e-01 2.655592106804667285e-01
2.698944917584529812e-01 2.657361704040889228e-01
2.730834860852752732e-01 2.655932483877074257e-01
2.707956175951514166e-01 2.669024671446959540e-01
2.704015025211706225e-01 2.668135602948684681e-01
2.704493366108108865e-01 2.649564763920246313e-01
2.705768160904099551e-01 2.662422112884982872e-01
2.709346664816393302e-01 2.657091852972689461e-01
2.705653357445732543e-01 2.643787605157936205e-01
2.721123740315673500e-01 2.657411000555668923e-01
2.701351197853091857e-01 2.648600642347069822e-01
2.705473674540685436e-01 2.643502371804875573e-01
2.697722525267972626e-01 2.683478771938127561e-01
2.701298414867130404e-01 2.633890058043870663e-01
2.693766190762439949e-01 2.656343014470849417e-01
2.692721176162477525e-01 2.658412494573693663e-01
2.693417010567740189e-01 2.643049590830025553e-01
2.696362280879965323e-01 2.647481479595997778e-01
2.692471670658227456e-01 2.647496496788552256e-01
2.686889423501562235e-01 2.649772918268678001e-01
2.690798691360775097e-01 2.646103021120034815e-01
2.686451827801880632e-01 2.653667736851644254e-01
