3.048204634072477215e-01 2.731537473770822566e-01
2.740284849386625532e-01 2.685205480066501504e-01
2.719720882897070924e-01 2.682699588648813083e-01
2.719305202818096956e-01 2.663870510372107203e-01
2.717252550138851142e-01 2.673661941264035002e-01
2.711728061245181620e-01 2.674397225898759167e-01
2.706985431586707014e-01 2.648678821247701376e-01
2.713658264885923654e-01 2.683070243624375850e-01
2.689318608064241167e-01 2.641786639356347166e-01
2.698696869213803584e-01 2.662645963431143903e-01
