2.951027110731170300e-01 2.689765843447882165e-01
2.715789210792065589e-01 2.702368317149990706e-01
2.709093499960220641e-01 2.660523807677288577e-01
2.695624075423733723e-01 2.645555004819313272e-01
2.709887872523962793e-01 2.656781605808024027e-01
2.695141716335496263e-01 2.651612589762806782e-01
2.695970652835798509e-01 2.649708362890930702e-01
2.697875712905531409e-01 2.638634341478495737e-01
2.701812705344511789e-01 2.637615677775319578e-01
2.699715694238625785e-01 2.664194517599745571e-01
2.735940892640176259e-01 2.700474551022606917e-01
2.720546307743121339e-01 2.641551386696613934e-01
2.700021786077944630e-01 2.670273677170535431e-01
2.707403056351684323e-01 2.667362518511569580e-01
2.710520997683693589e-01 2.673714621534128977e-01
2.691840868116776586e-01 2.663428715978138905e-01
2.704354955799527782e-01 2.687810301522032264e-01
2.705019752724427406e-01 2.673322833146061783e-01
2.692463819727915486e-01 2.643110938162369083e-01
2.702024327844129159e-01 2.655656281385226913e-01
2.700579685553042286e-01 2.640930991954708595e-01
2.695917559116247642e-01 2.621069742298540173e-01
2.712532448665645468e-01 2.630684260470632085e-01
2.692457096212433898e-01 2.659840755446387095e-01
2.697009323139681336e-01 2.653863470855885587e-01
2.688974026930467387e-01 2.636871291699796616e-01
2.699652780822783260e-01 2.637341684313642132e-01
2.703661414194132862e-01 2.632721536512782623e-01
2.689629460391497195e-01 2.654731328156300640e-01
2.693719316434147748e-01 2.634669618804633684e-01
2.710184173466426705e-01 2.635402050509041971e-01
2.691567310363199295e-01 2.676920915935915857e-01
2.703721084106905925e-01 2.637048137165786121e-01
2.702313871108651400e-01 2.653623993028710326e-01
2.685312237835239535e-01 2.626576801855521337e-01
2.697125150774673519e-01 2.648325865396563561e-01
2.700962277545932433e-01 2.640282237522363906e-01
2.701849121669438469e-01 2.629247109895896384e-01
2.704203428339567727e-01 2.644930463803900622e-01
2.685954494508067669e-01 2.648202360821893531e-01
2.682501294425393423e-01 2.659152117081480804e-01
2.697736617792461655e-01 2.649570224784725814e-01
2.694166125325777594e-01 2.647024280560807408e-01
2.706250883873491109e-01 2.668515644824364652e-01
2.697198349987192656e-01 2.636695210599633299e-01
2.699150605523073509e-01 2.655461802293407336e-01
2.690117717196835456e-01 2.642092175980347291e-01
2.682937396522990237e-01 2.669273705047919831e-01
2.680023590534180156e-01 2.635843292645467795e-01
2.686803401031360172e-01 2.618894155396486734e-01
2.693349215835038057e-01 2.646950723144924078e-01
2.682915987332604724e-01 2.631664315477632576e-01
2.671860442093771382e-01 2.647103495983625376e-01
2.696714026530654951e-01 2.652674695939952754e-01
2.704225342458629333e-01 2.647060195038352659e-01
2.690633408817773575e-01 2.647839765406808099e-01
2.688179418447315117e-01 2.625584463783472433e-01
2.698586114409246006e-01 2.620476325217493407e-01
2.680208836128241123e-01 2.628609372530379407e-01
2.683445255662417761e-01 2.615447867862644715e-01
2.682959010795399890e-01 2.639066427114655777e-01
2.674137583756288072e-01 2.652765974559476714e-01
2.687755270529419982e-01 2.635247627364428746e-01
2.676095079663461940e-01 2.636483625935532871e-01
2.693993625386447155e-01 2.650665447938094776e-01
2.681143820253619192e-01 2.629054351689574798e-01
2.679949534256852450e-01 2.612871908653765507e-01
2.675781040064439398e-01 2.620253717019849216e-01
2.676007194400627509e-01 2.634468218109582427e-01
2.684025936028458514e-01 2.639378997862745768e-01
