2.951027110731170300e-01 2.689765843447882165e-01
2.715789210792065589e-01 2.702368317149990706e-01
2.709093499960220641e-01 2.660523807677288577e-01
2.695624075423733723e-01 2.645555004819313272e-01
2.709887872523962793e-01 2.656781605808024027e-01
2.695141716335496263e-01 2.651612589762806782e-01
2.695970652835798509e-01 2.649708362890930702e-01
2.697875712905531409e-01 2.638634341478495737e-01
2.701812705344511789e-01 2.637615677775319578e-01
2.699715694238625785e-01 2.664194517599745571e-01
