2.951027110731170300e-01 2.689765843447882165e-01
2.715789210792065589e-01 2.702368317149990706e-01
2.709093499960220641e-01 2.660523807677288577e-01
2.695624075423733723e-01 2.645555004819313272e-01
2.709887872523962793e-01 2.656781605808024027e-01
2.695141716335496263e-01 2.651612589762806782e-01
2.695970652835798509e-01 2.649708362890930702e-01
2.697875712905531409e-01 2.638634341478495737e-01
2.701812705344511789e-01 2.637615677775319578e-01
2.699715694238625785e-01 2.664194517599745571e-01
2.735940892640176259e-01 2.700474551022606917e-01
2.720546307743121339e-01 2.641551386696613934e-01
2.700021786077944630e-01 2.670273677170535431e-01
2.707403056351684323e-01 2.667362518511569580e-01
2.710520997683693589e-01 2.673714621534128977e-01
2.691840868116776586e-01 2.663428715978138905e-01
2.704354955799527782e-01 2.687810301522032264e-01
2.705019752724427406e-01 2.673322833146061783e-01
2.692463819727915486e-01 2.643110938162369083e-01
2.702024327844129159e-01 2.655656281385226913e-01
2.700579685553042286e-01 2.640930991954708595e-01
2.695917559116247642e-01 2.621069742298540173e-01
2.712532448665645468e-01 2.630684260470632085e-01
2.692457096212433898e-01 2.659840755446387095e-01
2.697009323139681336e-01 2.653863470855885587e-01
2.688974026930467387e-01 2.636871291699796616e-01
2.699652780822783260e-01 2.637341684313642132e-01
2.703661414194132862e-01 2.632721536512782623e-01
2.689629460391497195e-01 2.654731328156300640e-01
2.693719316434147748e-01 2.634669618804633684e-01
