[1344, 1321, 1472, 1193]
[1472, 1321, 1600, 1193]
[1600, 1321, 1728, 1193]
[1728, 1321, 1856, 1193]
[1856, 1321, 1984, 1193]
[1984, 1321, 2112, 1193]
[2112, 1321, 2240, 1193]
[2240, 1321, 2368, 1193]
[1344, 1449, 1472, 1321]
[1472, 1449, 1600, 1321]
[1600, 1449, 1728, 1321]
[1728, 1449, 1856, 1321]
[1856, 1449, 1984, 1321]
[1984, 1449, 2112, 1321]
[2112, 1449, 2240, 1321]
[2240, 1449, 2368, 1321]
[1344, 1577, 1472, 1449]
[1472, 1577, 1600, 1449]
[1600, 1577, 1728, 1449]
[1728, 1577, 1856, 1449]
[1856, 1577, 1984, 1449]
[1984, 1577, 2112, 1449]
[2112, 1577, 2240, 1449]
[2240, 1577, 2368, 1449]
[1344, 1705, 1472, 1577]
[1472, 1705, 1600, 1577]
[1600, 1705, 1728, 1577]
[1728, 1705, 1856, 1577]
[1856, 1705, 1984, 1577]
[1984, 1705, 2112, 1577]
[2112, 1705, 2240, 1577]
[2240, 1705, 2368, 1577]
[1344, 1833, 1472, 1705]
[1472, 1833, 1600, 1705]
[1600, 1833, 1728, 1705]
[1728, 1833, 1856, 1705]
[1856, 1833, 1984, 1705]
[1984, 1833, 2112, 1705]
[2112, 1833, 2240, 1705]
[2240, 1833, 2368, 1705]
[1344, 1961, 1472, 1833]
[1472, 1961, 1600, 1833]
[1600, 1961, 1728, 1833]
[1728, 1961, 1856, 1833]
[1856, 1961, 1984, 1833]
[1984, 1961, 2112, 1833]
[2112, 1961, 2240, 1833]
[2240, 1961, 2368, 1833]
[1344, 2089, 1472, 1961]
[1472, 2089, 1600, 1961]
[1600, 2089, 1728, 1961]
[1728, 2089, 1856, 1961]
[1856, 2089, 1984, 1961]
[1984, 2089, 2112, 1961]
[2112, 2089, 2240, 1961]
[2240, 2089, 2368, 1961]
[1344, 2217, 1472, 2089]
[1472, 2217, 1600, 2089]
[1600, 2217, 1728, 2089]
[1728, 2217, 1856, 2089]
[1856, 2217, 1984, 2089]
[1984, 2217, 2112, 2089]
[2112, 2217, 2240, 2089]
[2240, 2217, 2368, 2089]
[1344, 1321, 1472, 1193]
[1472, 1321, 1600, 1193]
[1600, 1321, 1728, 1193]
[1728, 1321, 1856, 1193]
[1856, 1321, 1984, 1193]
[1984, 1321, 2112, 1193]
[2112, 1321, 2240, 1193]
[2240, 1321, 2368, 1193]
[1344, 1449, 1472, 1321]
[1472, 1449, 1600, 1321]
[1600, 1449, 1728, 1321]
[1728, 1449, 1856, 1321]
[1856, 1449, 1984, 1321]
[1984, 1449, 2112, 1321]
[2112, 1449, 2240, 1321]
[2240, 1449, 2368, 1321]
[1344, 1577, 1472, 1449]
[1472, 1577, 1600, 1449]
[1600, 1577, 1728, 1449]
[1728, 1577, 1856, 1449]
[1856, 1577, 1984, 1449]
[1984, 1577, 2112, 1449]
[2112, 1577, 2240, 1449]
[2240, 1577, 2368, 1449]
[1344, 1705, 1472, 1577]
[1472, 1705, 1600, 1577]
[1600, 1705, 1728, 1577]
[1728, 1705, 1856, 1577]
[1856, 1705, 1984, 1577]
[1984, 1705, 2112, 1577]
[2112, 1705, 2240, 1577]
[2240, 1705, 2368, 1577]
[1344, 1833, 1472, 1705]
[1472, 1833, 1600, 1705]
[1600, 1833, 1728, 1705]
[1728, 1833, 1856, 1705]
[1856, 1833, 1984, 1705]
[1984, 1833, 2112, 1705]
[2112, 1833, 2240, 1705]
[2240, 1833, 2368, 1705]
[1344, 1961, 1472, 1833]
[1472, 1961, 1600, 1833]
[1600, 1961, 1728, 1833]
[1728, 1961, 1856, 1833]
[1856, 1961, 1984, 1833]
[1984, 1961, 2112, 1833]
[2112, 1961, 2240, 1833]
[2240, 1961, 2368, 1833]
[1344, 2089, 1472, 1961]
[1472, 2089, 1600, 1961]
[1600, 2089, 1728, 1961]
[1728, 2089, 1856, 1961]
[1856, 2089, 1984, 1961]
[1984, 2089, 2112, 1961]
[2112, 2089, 2240, 1961]
[2240, 2089, 2368, 1961]
[1344, 2217, 1472, 2089]
[1472, 2217, 1600, 2089]
[1600, 2217, 1728, 2089]
[1728, 2217, 1856, 2089]
[1856, 2217, 1984, 2089]
[1984, 2217, 2112, 2089]
[2112, 2217, 2240, 2089]
[2240, 2217, 2368, 2089]

