2.820295499708447839e-01 2.749301461019060810e-01
2.622148820381918211e-01 2.643305961566908557e-01
2.606330039326570369e-01 2.715181266012505201e-01
2.577422332566312591e-01 2.556638780101366804e-01
2.580129322397294866e-01 2.535455733334434081e-01
2.558009291625138459e-01 2.556122925088631925e-01
2.551029923742186845e-01 2.556484902285672267e-01
2.558808794376853379e-01 2.535189061673324695e-01
2.547177305019049931e-01 2.557195731740669054e-01
2.536248761301785337e-01 2.501587940903088336e-01
2.737924047451300580e-01 2.609524953202734254e-01
2.616757500379746637e-01 2.592514059278289706e-01
2.596721333180568858e-01 2.581691009911113444e-01
2.579149715877253057e-01 2.554774996163456380e-01
2.600694417749696563e-01 2.547848453838782445e-01
2.580909767295895274e-01 2.527777178458966434e-01
2.547826796115806869e-01 2.524966373346787529e-01
2.548195291052453015e-01 2.538739085123543626e-01
2.552148144204817726e-01 2.490208625460882952e-01
2.535063262082956625e-01 2.512251499160357282e-01
2.535857144225002191e-01 2.488022514810047658e-01
2.550328611598204342e-01 2.485637961709565857e-01
2.532162922566070229e-01 2.497055515397504089e-01
2.539883197769750578e-01 2.495899439892706739e-01
2.517061235022154397e-01 2.487369705931562480e-01
2.520813425550019748e-01 2.496069356549695251e-01
2.504950639705810778e-01 2.466169825286800288e-01
2.504620760738238139e-01 2.487898184990040285e-01
2.501865039095724774e-01 2.481417624904587726e-01
2.501145818689561318e-01 2.496638758095317268e-01
