2.820295499708447839e-01 2.749301461019060810e-01
2.622148820381918211e-01 2.643305961566908557e-01
2.606330039326570369e-01 2.715181266012505201e-01
2.577422332566312591e-01 2.556638780101366804e-01
2.580129322397294866e-01 2.535455733334434081e-01
2.558009291625138459e-01 2.556122925088631925e-01
2.551029923742186845e-01 2.556484902285672267e-01
2.558808794376853379e-01 2.535189061673324695e-01
2.547177305019049931e-01 2.557195731740669054e-01
2.536248761301785337e-01 2.501587940903088336e-01
